10
8
85
75
85
24
20
38
57
89
31
85
70
51
73
77
32
65
46
80
41
82
43
25
73
56
1
19
77
82
17
10
97
89
22
55
76
30
90
21
39
12
9
25
79
82
30
3
96
49
62
49
74
12
16
86
57
82
96
24
36
45
22
90
30
46
59
71
12
43
29
10
78
69
65
79
48
34
14
99
78
67
60
81
11
21
50
89
84
17
16
48
11
27
42
76
47
18
26
89
53
90
29
50
13
97
93
13
25
70
2
63
82
78
60
96
95
31
58
1
79
99
99
69
78
30
39
14
44
87
45
59
64
73
20
93
78
22
56
100
85
86
19
18
29
48
41
12
47
81
54
46
83
44
93
98
33
30
69
9
68
38
85
43
88
10
19
24
70
2
20
60
74
64
57
16
43
66
92
17
66
85
94
90
64
10
66
58
47
96
100
24
47
54
40
35
60
9
4
36
80
54
72
24
96
16
96
71
59
84
4
28
42
2
58
99
36
86
22
12
41
40
28
91
49
11
16
44
88
60
31
94
28
6
28
85
96
57
24
85
8
78
5
1
21
1
69
17
86
17
76
95
67
24
86
36
33
69
65
94
36
52
32
91
49
44
57
31
30
96
15
22
61
30
52
61
39
25
55
17
28
70
37
43
81
85
39
14
79
67
53
41
83
100
72
91
96
40
63
45
89
19
47
76
36
32
32
37
77
14
97
68
30
73
30
21
28
69
21
2
25
35
65
76
59
34
51
17
99
24
54
33
10
36
61
31
79
11
52
4
89
44
87
23
82
26
52
69
6
66
41
19
88
30
1
30
62
16
56
42
94
72
62
7
83
34
17
1
40
56
46
86
33
85
24
95
83
64
92
27
60
25
75
27
71
62
39
17
65
53
69
64
97
97
98
60
83
98
56
51
75
41
49
54
24
45
70
90
20
35
16
100
65
93
50
3
6
39
44
79
3
13
3
65
15
23
29
70
79
61
81
83
94
47
69
14
77
51
21
49
24
76
68
97
63
35
66
80
68
64
32
22
8
53
21
69
11
39
82
55
82
2
73
23
38
93
41
18
41
27
65
38
58
72
21
40
74
84
83
83
70
60
91
58
2
66
30
16
53
22
52
91
72
15
19
90
93
37
94
60
3
6
87
79
41
39
94
54
57
21
85
81
79
1
22
47
52
18
14
45
70
71
9
17
43
41
83
52
67
9
10
87
3
77
68
4
57
77
38
99
50
17
50
77
73
79
66
84
36
57
12
52
24
62
81
21
80
37
73
44
64
83
64
28
52
62
63
74
10
71
60
95
2
81
29
38
88
32
55
69
12
28
89
57
72
63
100
63
71
68
78
22
70
47
65
17
48
86
49
34
11
84
34
88
77
92
66
35
16
67
58
11
8
98
83
65
4
95
27
47
50
72
16
56
78
53
33
35
42
17
64
72
87
77
35
98
31
54
12
100
46
38
20
29
15
20
82
37
24
57
67
96
65
43
80
50
12
29
69
31
34
24
48
66
4
1
94
37
94
45
68
26
92
5
65
12
99
90
61
24
62
69
19
25
49
29
73
51
53
73
4
84
53
99
74
98
43
30
55
48
29
38
52
5
33
32
95
8
2
97
88
62
95
72
32
7
67
69
79
67
95
35
31
26
84
70
67
5
13
84
95
43
4
46
56
86
32
18
43
55
74
83
38
95
93
12
91
88
23
34
20
37
74
68
12
37
47
73
46
98
55
41
14
50
97
2
56
96
2
56
52
78
61
2
44
81
75
59
79
70
95
69
32
52
46
38
16
20
78
25
33
12
44
66
58
78
50
14
53
50
45
57
53
27
21
98
89
42
14
57
19
81
27
28
17
61
1
45
15
97
50
46
7
53
98
68
12
7
46
68
92
40
61
77
50
35
21
31
23
50
89
37
36
12
69
19
40
67
68
32
47
3
47
50
70
60
6
1
61
94
12
39
17
77
36
5
53
83
69
51
18
31
28
76
40
93
68
37
30
20
17
13
46
32
94
40
36
10
52
25
66
6
88
95
13
22
44
70
21
67
80
9
96
69
22
47
47
24
83
30
41
73
95
32
21
22
85
8
66
100
81
59
98
55
55
78
61
42
35
24
31
51
86
43
45
84
21
71
60
41
19
74
58
2
18
85
96
84
38
96
2
33
11
9
80
75
14
24
27
47
1
1
7
84
63
62
34
4
46
30
28
5
53
35
93
54
80
27
53
59
11
37
77
48
81
6
38
72
68
37
90
53
90
4
79
33
75
38
15
14
